A{1} = [1 0.5 0;
        -0.3 0.8 0;
        0 0 0.4];
B{1} = [0; 0; 1];

A{2} = [1 0.4 0.01;
        -0.1 0.8 0;
        0 0 0.5];
B{2} = B{1};